/3.1
(ODB.1
	FirstRootClassName:	"Legend"
	Roots:	2
	Version:	31
)

(Legend.2
	SymType:	0x01
	LegType:	0x01
	ClassType:	0x03
	Symbols:	3
	Class:	13
	StdDevs:	1.00000000000000
	NullSym:	14
	NullValues:	16
	StatValues:	17
	Precision:	-3
)

(SymList.3
	Child:	4
)

(CLnSym.4
	Color:	5
	Size:	2.00000000000000
	Symbols:	6
)

(TClr.5
	Red:	0xffff
)

(SymList.6
	Child:	7
	Child:	9
)

(BLnSym.7
	Color:	8
	Width:	2.00000000000000
	Pattern:	0.00000000000000
	Pattern:	0.00000000000000
	Pattern:	0.00000000000000
	Pattern:	0.00000000000000
	Pattern:	0.00000000000000
	Pattern:	0.00000000000000
	Pattern:	0.00000000000000
	Pattern:	0.00000000000000
	Pattern:	0.00000000000000
	Pattern:	0.00000000000000
	Pattern:	0.00000000000000
	Pattern:	0.00000000000000
	Pattern:	0.00000000000000
	Pattern:	0.00000000000000
	Pattern:	0.00000000000000
	Pattern:	0.00000000000000
)

(TClr.8
	Red:	0xffff
)

(VLnHlw.9
	Color:	10
	ColorLock:	1
	Size:	2.00000000000000
	AltSize:	0.80000000000000
	BasicLine:	11
)

(TClr.10
)

(BLnSym.11
	Color:	12
	Width:	0.60000000000000
	Pattern:	0.00000000000000
	Pattern:	0.00000000000000
	Pattern:	0.00000000000000
	Pattern:	0.00000000000000
	Pattern:	0.00000000000000
	Pattern:	0.00000000000000
	Pattern:	0.00000000000000
	Pattern:	0.00000000000000
	Pattern:	0.00000000000000
	Pattern:	0.00000000000000
	Pattern:	0.00000000000000
	Pattern:	0.00000000000000
	Pattern:	0.00000000000000
	Pattern:	0.00000000000000
	Pattern:	0.00000000000000
	Pattern:	0.00000000000000
)

(TClr.12
)

(LClass.13
	IsText:	1
	Precision:	-3
)

(BLnSym.14
	Color:	15
	Width:	0.10000000000000
	Pattern:	0.00000000000000
	Pattern:	0.00000000000000
	Pattern:	0.00000000000000
	Pattern:	0.00000000000000
	Pattern:	0.00000000000000
	Pattern:	0.00000000000000
	Pattern:	0.00000000000000
	Pattern:	0.00000000000000
	Pattern:	0.00000000000000
	Pattern:	0.00000000000000
	Pattern:	0.00000000000000
	Pattern:	0.00000000000000
	Pattern:	0.00000000000000
	Pattern:	0.00000000000000
	Pattern:	0.00000000000000
	Pattern:	0.00000000000000
)

(TClr.15
	Name:	"Transparent"
)

(NameDict.16
)

(NameDict.17
)

